1000
399 397 395
294 126 238
133 208 137
386 250 332
9 259 313
16 89 126
124 62 265
175 364 285
179 307 18
214 259 241
275 221 47
387 203 130
335 161 371
250 345 119
71 23 216
305 396 90
65 210 128
125 322 276
59 111 329
232 20 167
109 19 274
119 152 181
22 313 167
105 53 262
277 85 295
62 197 354
272 318 113
226 236 14
277 228 252
367 108 308
233 208 31
398 381 6
349 313 384
21 324 233
227 66 224
89 99 196
239 312 92
301 381 136
109 96 48
291 349 241
346 176 276
21 35 107
12 350 4
11 317 380
309 169 247
76 292 66
211 393 287
5 212 110
170 104 53
33 220 292
8 36 189
33 148 286
35 191 58
264 391 312
47 79 176
105 136 173
377 357 260
151 110 136
166 284 182
294 371 225
209 327 78
351 30 369
358 138 15
35 173 233
396 305 204
292 400 57
380 5 300
296 329 347
262 321 344
141 245 289
343 380 274
334 99 292
205 305 116
201 96 111
220 122 371
190 36 378
214 264 288
318 65 267
398 130 240
192 355 99
209 296 352
118 34 18
3 172 82
318 367 303
372 142 345
237 24 196
200 315 124
125 343 163
54 251 181
387 355 315
55 385 46
215 298 37
292 107 196
149 83 344
307 92 225
44 227 270
107 26 26
285 134 31
354 66 258
94 253 348
199 304 87
24 34 48
293 22 399
217 196 205
390 43 307
271 356 128
199 192 125
365 368 345
7 60 108
116 350 113
119 245 139
364 96 110
334 49 69
356 383 205
192 296 254
371 171 233
276 1 22
65 19 124
334 155 224
163 123 112
237 28 237
56 253 109
366 98 358
143 118 239
263 321 143
273 19 48
294 361 336
65 165 395
332 55 249
202 357 186
396 111 123
50 234 324
23 270 198
316 8 358
363 301 131
21 40 315
65 338 209
261 230 257
66 290 159
198 394 318
296 22 202
203 196 358
85 310 126
69 386 16
88 336 43
257 18 218
168 125 398
212 110 28
304 175 233
164 101 319
318 388 308
95 146 178
274 174 59
270 65 39
56 325 357
284 11 292
395 175 340
363 130 206
149 372 384
13 149 364
337 327 206
63 372 369
84 395 232
265 143 282
12 163 84
170 221 380
234 25 173
333 200 146
135 181 119
360 249 74
137 369 298
322 76 272
217 381 225
277 278 379
281 236 252
109 196 200
296 291 49
355 2 103
182 339 346
139 235 148
173 260 81
89 76 370
160 75 346
304 131 168
338 19 268
244 242 395
106 242 282
374 121 110
184 293 195
172 385 332
16 230 318
314 248 211
213 375 396
228 252 196
104 364 310
376 389 218
183 266 34
280 344 355
240 169 218
17 119 302
210 334 187
240 45 352
3 259 216
98 370 174
137 156 199
87 201 228
145 94 128
303 119 61
198 12 54
317 102 131
43 179 62
157 392 184
309 77 238
13 287 86
117 276 40
78 222 111
390 379 136
331 171 83
91 220 103
319 100 287
174 36 226
74 371 333
114 148 103
68 92 193
188 66 254
132 205 302
251 257 48
71 367 352
111 338 299
246 361 349
390 332 324
48 350 123
379 58 236
19 73 364
135 186 296
257 308 42
268 20 394
0 339 184
166 180 363
63 199 26
263 166 44
205 279 44
43 370 223
322 104 68
15 298 135
333 353 70
124 39 149
76 121 258
245 112 157
304 290 122
292 165 43
243 76 92
246 131 58
377 101 225
227 332 301
317 137 215
50 290 36
175 114 116
110 24 132
3 301 325
370 129 293
231 157 302
143 386 56
131 323 256
122 272 344
328 182 9
339 368 372
261 318 173
42 124 246
210 400 172
107 153 154
113 100 166
291 209 30
245 227 386
379 256 378
53 62 181
275 383 143
65 316 4
253 237 304
84 16 166
137 306 332
44 314 263
96 320 58
149 373 48
187 323 138
9 67 303
273 293 235
30 173 176
70 156 249
180 117 32
319 4 67
360 374 341
9 244 256
336 331 149
185 315 146
311 232 84
201 341 147
299 241 324
97 154 123
311 102 169
232 212 128
97 398 282
100 121 153
249 136 35
161 46 388
25 123 86
67 85 274
21 61 323
34 304 311
50 354 76
254 305 158
174 282 243
268 147 396
170 323 363
115 290 15
378 363 97
151 67 191
9 206 165
79 223 222
65 123 24
310 82 391
75 313 206
277 16 352
61 281 27
274 248 330
193 297 47
16 92 29
54 296 125
368 251 340
30 26 390
347 150 55
259 245 140
256 247 202
240 369 139
298 131 343
380 245 149
4 93 23
101 106 128
149 391 18
30 375 58
204 310 249
147 93 68
240 14 133
292 1 89
114 365 165
317 248 48
178 132 141
290 240 288
310 241 191
323 138 36
181 134 373
65 335 103
222 22 97
298 366 331
207 102 75
199 75 260
369 101 284
349 66 204
76 88 20
245 64 89
339 213 88
14 22 369
158 265 179
231 324 132
242 245 83
236 29 106
356 275 159
1 96 389
85 299 98
335 337 0
30 92 30
337 157 377
60 127 220
152 42 96
176 387 98
320 284 156
146 192 276
58 269 247
196 123 0
324 276 378
173 166 191
84 189 188
103 90 363
184 92 1
28 264 165
247 75 321
180 292 125
308 123 22
324 327 187
252 69 360
27 262 1
223 26 25
25 140 297
164 219 132
222 344 71
177 392 13
280 99 150
17 29 309
357 299 30
324 12 228
291 90 195
120 81 271
278 220 288
217 239 85
270 104 338
140 155 213
161 379 170
20 197 372
228 225 71
49 130 227
98 306 266
168 309 116
186 363 381
254 20 28
309 30 57
166 355 219
139 290 274
289 120 370
120 213 33
33 123 293
304 127 309
28 244 364
350 397 157
171 292 201
331 114 235
214 229 114
223 168 355
385 297 159
83 266 1
25 126 123
58 398 63
29 109 219
358 90 198
164 344 358
340 197 393
255 273 271
209 241 278
64 239 293
203 313 319
235 318 143
302 200 117
304 55 275
239 145 259
22 82 274
129 371 114
10 172 330
252 291 317
265 47 163
360 318 7
380 343 319
84 285 272
329 253 151
209 355 134
258 35 229
233 37 240
216 247 306
236 378 164
348 258 398
154 370 250
389 366 192
188 284 346
9 158 232
271 14 157
24 292 336
159 169 20
190 378 301
370 353 371
113 334 244
304 14 195
156 292 31
331 160 78
23 274 245
274 69 257
33 2 270
250 122 351
359 219 130
205 179 22
70 233 86
211 111 368
211 289 87
287 386 173
128 150 234
38 119 244
250 141 391
74 370 259
197 398 77
373 268 308
127 158 137
0 255 137
115 132 203
27 143 137
4 203 131
176 252 138
108 323 339
280 304 176
181 263 374
275 363 335
261 316 303
143 94 94
362 60 332
198 266 95
299 220 89
249 113 203
41 228 124
73 126 183
96 8 87
123 262 306
104 106 326
178 58 187
228 159 398
254 212 254
244 391 357
55 182 397
220 171 229
367 348 178
109 236 136
359 151 98
295 189 22
288 220 384
356 258 55
193 319 59
257 272 113
49 394 20
65 6 330
53 378 73
171 275 200
309 123 117
191 371 177
276 126 8
30 254 218
257 252 258
77 84 1
77 344 118
78 238 32
317 130 211
135 78 313
391 367 69
259 134 279
107 345 368
118 238 69
9 38 27
270 38 16
72 334 271
308 26 354
46 133 385
21 141 183
164 168 264
377 266 224
284 304 61
138 292 398
260 275 396
32 397 301
143 162 86
80 30 135
48 127 41
259 51 160
191 62 7
95 25 19
259 152 3
138 188 98
274 111 215
116 309 121
74 219 321
387 201 313
259 217 86
221 293 336
55 104 102
32 144 74
284 325 107
108 56 131
182 95 0
111 386 45
22 147 353
33 270 142
351 210 108
114 209 200
381 198 380
259 216 24
204 200 88
150 324 220
63 163 350
390 178 102
250 352 125
222 391 249
349 287 334
139 43 38
272 121 187
207 121 21
351 184 390
171 70 165
169 93 277
215 337 83
338 216 35
329 106 80
5 11 336
180 343 314
109 367 180
131 300 152
148 205 179
307 83 208
30 327 0
142 52 10
351 368 177
131 115 16
276 57 109
34 358 141
21 140 47
108 141 8
284 273 14
342 233 16
306 255 284
287 8 318
276 90 330
220 259 259
353 17 59
153 250 298
240 331 87
11 395 41
362 399 357
95 136 129
261 187 91
339 296 200
268 42 258
378 374 356
49 162 286
189 92 156
369 150 204
287 61 367
392 2 149
2 19 341
219 312 25
272 199 310
387 62 268
218 12 276
7 297 233
389 157 313
50 126 209
267 112 172
269 72 47
99 306 341
147 18 147
128 278 247
373 22 249
95 84 127
37 150 130
51 337 378
58 91 191
250 233 378
298 152 192
183 216 300
153 119 295
157 150 123
68 78 63
247 37 306
8 199 145
4 163 102
324 177 263
292 393 116
76 9 193
381 246 364
58 274 277
197 96 154
80 182 390
261 306 308
359 303 313
361 27 366
55 39 38
229 234 226
362 184 39
90 339 327
355 290 35
233 293 269
382 1 227
95 226 393
40 215 376
21 20 168
196 233 304
355 292 140
78 67 251
68 164 129
285 2 261
272 35 221
17 93 171
53 68 263
172 259 305
51 312 31
233 132 333
180 336 162
326 313 369
199 181 8
346 97 361
77 208 134
257 323 125
324 220 267
83 195 325
26 294 180
62 382 70
71 318 281
105 203 175
364 260 127
76 114 326
226 90 351
78 327 68
305 55 398
49 213 237
145 152 68
337 336 105
160 168 96
198 161 396
393 84 70
114 123 275
18 345 101
266 125 325
121 288 171
345 95 230
117 102 345
77 266 94
69 154 59
210 255 376
153 53 109
330 151 341
323 24 271
133 113 331
65 134 303
270 26 21
388 48 318
141 379 52
175 133 185
29 195 185
332 101 130
300 356 97
10 231 266
255 307 272
191 101 322
1 396 344
333 255 240
4 174 355
171 262 196
86 55 328
369 326 302
363 380 313
109 210 63
292 25 94
43 356 202
388 187 213
79 111 231
293 119 286
107 27 43
342 369 331
387 222 150
312 236 252
80 276 195
399 301 111
380 285 193
183 151 321
344 6 55
28 399 314
155 172 338
132 126 383
45 388 116
305 148 5
173 385 187
66 292 143
381 332 256
148 1 16
350 211 372
79 303 164
39 201 44
95 206 151
115 154 204
73 177 130
215 28 140
347 127 387
124 42 2
128 394 15
251 199 224
361 75 111
29 385 67
66 212 53
344 214 112
54 33 108
277 167 345
245 362 76
54 152 151
49 162 318
24 258 85
124 13 225
390 57 230
288 43 57
186 176 180
185 366 34
57 97 102
380 182 278
332 28 89
161 366 326
220 201 276
288 202 177
262 281 278
174 245 398
229 314 53
248 273 247
144 137 315
136 299 387
343 147 387
117 4 53
81 5 394
77 178 26
284 298 291
316 11 349
79 349 258
351 184 17
284 137 269
43 262 370
269 347 393
257 398 97
215 225 387
191 211 306
333 233 310
58 63 360
302 25 170
51 18 328
63 181 203
221 76 264
222 383 380
396 2 281
168 256 383
225 185 283
383 10 211
82 306 135
335 194 99
341 129 332
211 289 159
67 280 26
357 139 227
246 297 54
247 203 326
288 209 87
358 259 310
386 271 307
238 127 179
120 326 127
41 6 58
79 179 52
237 210 337
71 274 306
252 226 373
97 46 300
14 89 45
152 178 357
202 292 190
342 90 376
55 355 184
58 285 396
103 272 18
68 287 59
373 157 206
290 336 172
178 138 2
30 378 184
228 68 167
161 159 96
171 25 59
84 138 305
87 16 186
265 179 324
219 396 91
282 39 167
158 23 262
294 71 197
67 184 354
121 11 200
256 208 56
177 85 102
178 15 146
153 280 227
158 64 250
323 315 390
225 206 308
227 146 291
207 272 96
312 69 29
121 195 302
263 386 234
22 142 231
42 229 180
159 210 371
35 361 264
107 124 89
188 128 72
162 29 396
58 363 110
25 19 245
264 116 169
336 44 28
362 393 49
240 150 128
88 32 52
388 249 393
144 131 65
242 87 150
336 342 399
203 39 98
28 330 159
17 345 199
341 347 379
59 80 275
5 160 172
341 214 273
317 162 28
121 366 150
324 97 42
228 10 126
331 283 392
59 10 242
105 208 372
392 163 262
328 255 135
249 296 399
219 399 309
43 157 301
298 36 241
146 128 84
184 241 332
93 329 137
92 239 201
245 369 331
32 262 3
300 50 369
235 177 148
199 34 240
328 140 28
315 92 110
121 281 329
35 336 21
306 325 25
339 245 245
369 48 339
163 99 308
292 59 230
156 47 96
339 388 19
267 119 247
262 325 229
248 333 345
172 184 360
262 399 56
287 352 334
34 12 279
346 306 397
269 279 206
229 93 335
279 316 305
104 364 100
374 374 213
188 332 286
112 111 385
284 238 0
334 283 309
39 251 343
235 357 144
339 375 367
125 338 45
319 29 67
71 390 368
294 398 103
200 348 308
26 113 295
141 384 115
272 62 14
102 104 274
321 150 15
169 235 317
64 14 387
66 161 25
222 42 68
87 346 96
281 273 301
400 385 69
106 175 201
98 50 391
352 29 147
107 214 57
379 45 219
333 171 18
84 95 64
341 96 90
387 34 0
388 219 210
297 46 30
350 118 214
145 229 176
348 188 279
226 205 255
346 396 218
368 381 45
228 264 171
145 281 202
297 398 219
2 206 54
111 111 291
