100
189 311 298
15 96 327
339 143 380
86 387 393
161 152 291
1 188 11
357 336 200
142 210 110
160 381 25
339 350 162
357 153 287
120 282 101
156 39 295
360 291 81
159 11 212
376 118 396
35 141 348
61 358 72
392 42 207
115 307 378
375 394 74
195 325 118
400 94 290
41 375 255
163 384 76
42 247 47
357 105 65
27 393 163
321 207 234
254 13 167
256 280 1
327 186 313
174 377 331
239 399 196
331 155 133
152 60 162
307 155 49
306 97 114
186 347 99
272 291 121
221 328 20
239 373 183
297 292 267
194 259 252
325 189 303
356 51 375
225 335 380
283 312 357
291 285 44
284 378 250
310 165 391
317 77 4
95 135 264
162 165 261
27 135 377
17 92 182
13 191 202
266 82 253
183 312 83
381 355 95
58 254 136
45 168 100
19 192 191
302 374 74
208 42 301
173 199 286
166 223 140
190 395 85
47 235 208
185 343 295
240 232 95
386 10 38
172 10 390
290 95 288
348 134 50
166 144 277
282 397 34
222 264 6
238 17 0
206 252 326
201 303 35
212 2 261
364 350 244
329 400 77
215 97 224
44 84 385
201 142 253
94 354 47
20 33 381
248 348 2
51 351 309
60 119 254
89 369 246
362 13 225
47 93 243
14 86 59
393 170 169
320 16 348
250 1 153
4 291 146
